M asianDragon.obj
B 60 10    0 0 3     -6 -1.2     -11 5 -1     -11 5 -1 1
O 0 0 0 0 0.01
O 0 2 0 -2 0.01
O 0 -2 0 -2 0.01
O 0 0 0 -4 0.01
O 0 -4 0 -2 0.01
O 0 4 0 -2 0.01
O 0 -6 0 0 0.01
O 0 -6 0 -4 0.01
O 0 6 0 0 0.01
O 0 6 0 -4 0.01
O 0 2 0 -6 0.01
O 0 -2 0 -6 0.01
O 0 0 0 -8 0.01
O 0 -6 0 -8 0.01
O 0 6 0 -8 0.01
O 0 0 0 -12 0.01
O 0 -6 0 -12 0.01
O 0 6 0 -12 0.01
O 0 2 0 -10 0.01
O 0 -2 0 -10 0.01

O 0 0 2 0 0.01
O 0 2 2 -2 0.01
O 0 -2 2 -2 0.01
O 0 0 2 -4 0.01
O 0 -4 2 -2 0.01
O 0 4 2 -2 0.01
O 0 -6 2 0 0.01
O 0 -6 2 -4 0.01
O 0 6 2 0 0.01
O 0 6 2 -4 0.01
O 0 2 2 -6 0.01
O 0 -2 2 -6 0.01
O 0 0 2 -8 0.01
O 0 -6 2 -8 0.01
O 0 6 2 -8 0.01
O 0 0 2 -12 0.01
O 0 -6 2 -12 0.01
O 0 6 2 -12 0.01
O 0 2 2 -10 0.01
O 0 -2 2 -10 0.01

O 0 0 -2 0 0.01
O 0 2 -2 -2 0.01
O 0 -2 -2 -2 0.01
O 0 0 -2 -4 0.01
O 0 -4 -2 -2 0.01
O 0 4 -2 -2 0.01
O 0 -6 -2 0 0.01
O 0 -6 -2 -4 0.01
O 0 6 -2 0 0.01
O 0 6 -2 -4 0.01
O 0 2 -2 -6 0.01
O 0 -2 -2 -6 0.01
O 0 0 -2 -8 0.01
O 0 -6 -2 -8 0.01
O 0 6 -2 -8 0.01
O 0 0 -2 -12 0.01
O 0 -6 -2 -12 0.01
O 0 6 -2 -12 0.01
O 0 2 -2 -10 0.01
O 0 -2 -2 -10 0.01