SM 25000 asianDragon.obj
B 60 10    0 0 3     -6 -1.2     -11 5 -1     -11 5 -1 1
SO 0  0 0  0 0.01
SO 0  1 0 -1 0.01
SO 0 -1 0 -1 0.01
SO 0  0 0 -2 0.01
SO 0 -2 0 -1 0.01
SO 0  2 0 -1 0.01
SO 0 -3 0  0 0.01
SO 0 -3 0 -2 0.01
SO 0  3 0  0 0.01
SO 0  3 0 -2 0.01
SO 0  1 0 -3 0.01
SO 0 -1 0 -3 0.01
SO 0  0 0 -4 0.01
SO 0 -3 0 -4 0.01
SO 0  3 0 -4 0.01
SO 0  0 0 -6 0.01
SO 0 -3 0 -6 0.01
SO 0  3 0 -6 0.01
SO 0  1 0 -5 0.01
SO 0 -1 0 -5 0.01

SO 0  0 1  0 0.01
SO 0  1 1 -1 0.01
SO 0 -1 1 -1 0.01
SO 0  0 1 -2 0.01
SO 0 -2 1 -1 0.01
SO 0  2 1 -1 0.01
SO 0 -3 1  0 0.01
SO 0 -3 1 -2 0.01
SO 0  3 1  0 0.01
SO 0  3 1 -2 0.01
SO 0  1 1 -3 0.01
SO 0 -1 1 -3 0.01
SO 0  0 1 -4 0.01
SO 0 -3 1 -4 0.01
SO 0  3 1 -4 0.01
SO 0  0 1 -6 0.01
SO 0 -3 1 -6 0.01
SO 0  3 1 -6 0.01
SO 0  1 1 -5 0.01
SO 0 -1 1 -5 0.01

SO 0  0 -1  0 0.01
SO 0  1 -1 -1 0.01
SO 0 -1 -1 -1 0.01
SO 0  0 -1 -2 0.01
SO 0 -2 -1 -1 0.01
SO 0  2 -1 -1 0.01
SO 0 -3 -1  0 0.01
SO 0 -3 -1 -2 0.01
SO 0  3 -1  0 0.01
SO 0  3 -1 -2 0.01
SO 0  1 -1 -3 0.01
SO 0 -1 -1 -3 0.01
SO 0  0 -1 -4 0.01
SO 0 -3 -1 -4 0.01
SO 0  3 -1 -4 0.01
SO 0  0 -1 -6 0.01
SO 0 -3 -1 -6 0.01
SO 0  3 -1 -6 0.01
SO 0  1 -1 -5 0.01
SO 0 -1 -1 -5 0.01
